50,1
50,3
55,1
55,3
56,1
56,3
3,1
3,3
10,169
10,253
10,209
10,271
10,117
10,125
9,7
8,15
8,14
8,11
8,13
8,5
8,16
20,3
20,2
20,1
19,3
19,2
19,1
12,3
12,2
12,1
11,29
11,28
11,27
11,26
11,25
11,24
11,23
11,22
11,21
11,20
11,19
11,15
11,13
11,11
11,9
11,7
11,5
11,3
11,2
11,1
10,313
10,312
10,311
10,310
10,309
10,308
10,307
10,306
10,305
10,304
10,303
10,302
10,301
10,300
10,299
10,298
10,297
10,296
10,295
10,294
10,293
10,292
10,291
10,290
10,289
10,288
10,287
10,286
10,285
10,284
10,283
10,282
10,281
10,239
10,225
10,191
10,181
10,175
10,151
10,145
10,143
18,1
10,141
18,3
10,115
10,103
10,83
10,77
10,73
10,1
10,65
10,3
10,2
9,1
9,5
9,3
9,2
8,9
2,2
8,1
8,6
2,1
8,3
2,3
